V0 5.5 3.8 -4.5
V1 4.5 2.0 -5.5
V2 5.0 3.8 -5.0
V3 5.5 5.0 -4.0
V4 5.2 4.2 -3.5
V5 4.8 3.8 -6.0

L0 0 1
L1 1 2
L2 2 3
L3 3 0
L4 3 4
L5 4 1
L6 1 5
L7 5 3
L8 1 3

C0 0 1.0 0 0
C1 1 0 1.0 0
C2 2 0 1.0 0
C3 3 1.0 0 0
C4 4 1.0 0 1.0
C5 5 1.0 0 1.0
C6 6 1.0 1.0 1.0
C7 7 1.0 1.0 1.0
C8 8 0.6 0.6 0

A0 0 1
A1 1 2
A2 2 3
A3 3 0
A4 7 4
A5 6 7
A6 6 5
A7 5 4
A8 2 7
A9 2 4
A10 3 7
A11 3 4
A12 1 6
A13 1 5
A14 0 6
A15 0 5
A16 1 8
A17 0 8
A18 2 8
A19 3 8
A20 7 8
A21 4 8
A22 6 8
A23 5 8

F0 0 8 3
F1 1 2 8
F2 6 7 8
F3 5 4 8